2839
2394
9403
2536
3197
82
6940
1775
2264
9367
5878
3842
6390
1249
1487
4251
6282
4605
4287
6329
5232
3252
5172
8837
6245
9320
971
7291
106
7172
9514
5806
860
1089
9023
7111
2423
6688
9842
97
3491
134
346
49
8337
9737
9978
2110
8430
787
3312
634
7451
1658
8092
5703
4670
5470
9694
9788
2011
7230
7842
3095
2083
8565
263
4977
4078
7178
1638
6331
6364
4038
8955
87
8182
2321
461
1719
3453
3733
8153
4389
7874
4171
328
3965
9248
4324
788
5374
56
1573
5237
7908
7647
5782
9668
3707
1097
1224
6633
9152
9429
7354
6704
2612
9603
5416
426
4971
3125
843
5929
6679
6960
8587
7679
4354
1993
9049
1030
2818
4638
3043
528
1972
2566
1482
2768
8730
8740
3274
9651
8866
577
8910
8226
5972
5958
2670
2328
909
781
5430
2556
3637
2355
4765
7955
9043
5470
580
748
6769
1155
2831
4064
4139
5088
3450
5323
5381
7331
6796
5132
2970
4979
9757
934
2019
3743
8027
5488
4679
4141
5765
9058
6896
2560
8602
440
9703
2003
3444
9425
7863
456
3560
3015
854
4882
8777
2798
5679
8327
2775
8509
5497
1834
9667
2926
9949
4080
5602
1831
8898
5267
1031
2739
4993
5114
8527
2989
8881
4203
1716
822
2771
7999
1208
4140
3751
5383
6356
9558
3677
6268
4730
396
5086
5645
4418
4877
2982
3451
8337
4343
8947
8183
5878
8969
4810
734
6664
3923
381
4163
7132
7826
1574
2918
9027
3719
8937
1362
9858
7729
6596
3579
965
1760
7199
4989
1783
3407
2804
4168
8188
7317
3738
3214
7614
5224
4502
7331
5459
9243
2628
4781
4435
5575
8159
2630
9151
8483
2341
5168
4425
6018
3899
7362
2926
7634
9322
2123
2835
959
7436
6718
875
5676
6693
3281
3767
1575
4269
4959
4727
2978
4097
3156
7283
34
1175
3779
6479
2032
8883
701
8580
5214
4148
567
1379
5442
9486
8181
8264
8847
3088
4201
3911
301
9094
2788
3953
5043
454
3589
9608
7399
5650
7027
4436
5719
99
7063
5224
4216
8397
4755
8158
9303
7462
2668
2381
8518
8105
2738
9336
4345
6235
1805
6558
8365
3314
6973
6457
6618
9487
3981
1872
7034
7324
9325
2889
7817
9314
3656
894
7478
9478
4654
2124
6381
4126
397
7947
551
1717
6775
160
954
2461
7569
4386
1836
5180
520
2045
7171
9856
8256
1542
5382
9258
2065
1485
7854
7027
3061
3033
9675
8178
5896
1444
7803
3286
2423
3307
7174
4365
3742
473
7189
5021
5159
10
4185
887
7951
7847
2155
7859
5992
7496
4674
3131
2321
3393
5250
2762
3848
7822
5586
8044
1372
7310
4705
8248
7523
5135
9473
8213
432
697
463
4917
117
3634
7692
5185
6097
4126
926
7792
5636
4603
1189
6837
6235
1470
7734
6650
5715
7167
9933
7545
505
253
7746
7709
6478
6932
1416
6846
8692
6796
7357
7412
3479
4513
5481
7100
7142
6224
2851
1927
1460
5817
234
8467
2385
3689
6499
2622
6157
7541
6497
985
2378
1321
9252
2315
561
9030
5343
4271
3327
8041
2017
782
921
3702
7257
3268
4685
7147
6150
6609
7229
5170
340
9574
6891
3383
228
4622
8429
1170
3456
6630
1392
8820
6531
7168
4901
3147
3636
1049
7267
7385
2417
29
4124
522
8807
9331
1511
2190
4737
9124
4153
1635
8209
6240
837
8842
1463
1468
5383
4405
8813
212
1590
3306
1152
6440
4290
4277
1177
1019
6319
9101
9271
260
7821
2147
8461
5231
1016
6500
7782
9316
3971
6588
4035
6337
134
7052
7514
825
6719
2346
2465
4799
6620
689
919
5509
9093
727
6552
9841
5809
2315
5139
6349
7066
7459
585
5269
8665
5157
9098
5047
4227
8397
7024
3677
2002
2628
1900
9141
478
2358
9833
4480
3721
9546
4250
8351
9181
3705
1164
4019
7161
6229
3230
2432
1074
560
7355
4952
9260
7528
2555
72
6393
8567
2130
3353
1579
2398
7818
1055
3213
6399
525
8173
1981
8093
9321
7977
1436
4851
1292
1840
9114
5756
2013
3687
4589
759
2424
3265
2750
22
4788
1845
5410
6091
5933
681
1651
9516
2705
4103
1404
8741
6934
9155
5771
2737
5151
5399
7441
2203
6546
857
1072
9725
1191
5988
8240
6592
2032
1268
5241
2076
7457
1585
380
4121
5216
4413
6045
8666
9528
1350
3806
8403
1084
7717
6874
2147
4861
4077
9444
2799
499
1244
1606
845
9941
1765
1777
647
8257
4581
3619
4330
1051
3668
9544
6168
338
9416
3844
1716
8969
348
3504
6793
7145
8710
6987
1404
6583
8936
9347
4084
6099
4168
5205
6898
4156
7826
8889
5280
4005
2509
183
4820
5490
763
2362
3628
688
8948
440
3325
3816
4054
8308
3620
2534
1727
4009
8701
4372
9690
4083
3633
8388
1351
7930
6573
4270
2864
671
5750
7839
7972
3136
1285
7357
1259
9202
661
8642
3150
3227
9502
4097
9005
5847
9519
7369
6732
1773
8012
3212
3858
9752
8629
5677
5002
645
6762
4780
2725
2458
3330
9834
1115
3933
9251
6647
6015
1318
2130
8741
3142
6705
2371
3299
4210
8760
8215
9345
1173
1592
7064
4075
1738
9338
1301
7419
5557
9808
1609
429
6842
3527
9620
7803
86
5143
1158
9046
1951
4358
5130
6336
7986
9832
1260
7541
2251
2971
5063
4731
7811
8821
6147
716
7494
835
1408
18
9870
2948
7133
1803
4601
4116
3608
5120
499
6730
3703
2740
2971
5763
7549
8698
5461
7985
4052
801
5630
1762
9666
3208
4176
3286
3568
4473
8062
9178
5855
9345
2432
1370
288
2583
6792
2773
7164
2293
9100
3075
2078
751
6114
4077
2325
7009
4442
9215
1897
3564
8849
3916
6658
7125
9922
8905
608
9030
449
5136
952
8680
493
4635
4547
1529
9357
8593
8095
4403
4969
3016
7095
4557
8056
8423
9336
2010
2975
4169
3550
6120
7085
9057
9762
7284
2229
5520
8795
869
9945
9788
1890
365
8238
7970
6545
9759
1909
5340
5695
8475
3874
9524
234
2240
2446
7942
8308
3547
2198
1729
4912
4457
9419
3243
5739
917
2825
3948
87
1283
3076
2605
3034
395
2893
7417
256
6822
3045
7173
5774
7952
9696
6736
690
6869
7896
5235
7460
2384
8842
3228
6566
9971
9496
3673
196
5443
7699
2991
3105
4675
1596
1473
7619
1689
4118
7637
1987
8792
9638
4148
2810
2671
7215
817
2888
4406
7589
7993
1019
2303
6748
5186
5578
1165
4450
2000
2882
9527
2277
9378
2381
7567
6498
3151
8928
612
592
605
3739
7186
5471
4530
3695
5860
6146
5101
3582
5141
3799
4261
7707
2008
2986
4020
8136
8565
6934
4669
2612
7012
5746
8377
9736
2121
7357
5552
2059
7738
3854
8711
4725
2952
8147
4370
948
3730
5543
2305
1723
998
5248
4664
648
4531
2941
4048
8227
3404
6284
8171
5941
6454
5943
1531
37
2770
7555
2317
4616
2086
6157
6575
5401
5012
630
7683
6287
6380
1806
569
5587
4616
5504
8087
5138
6768
372
7200
4339
9792
2153
9761
6757
937
2340
3723
6596
6071
5298
1783
4736
1409
3136
907
6770
5852
6977
1281
3517
9232
4795
8588
8669
9366
9047
6658
552
7363
8620
6072
8477
4665
5281
6463
1066
4293
6917
1737
5170
205
7126
4133
6345
1482
6426
5483
3471
9235
3635
6264
2345
4370
5502
6713
4423
9849
7836
5782
1938
7547
970
2268
4557
6957
5051
3221
7036
3287
6574
9389
7712
4860
8281
4338
645
6190
5373
6504
6998
6448
3997
754
4725
1513
4292
6663
153
9016
1723
9536
5411
6019
2888
1070
2572
8925
2866
7778
5778
5084
2046
8118
9970
7852
4744
3155
6509
8247
2427
2005
6127
6573
702
5587
6638
8355
6591
5696
8344
4136
8922
2200
9954
5419
8192
2506
9739
4399
1916
6545
2830
5948
985
6921
8453
6587
6999
5413
9205
7183
653
5859
8430
3025
8505
7693
5554
7092
6096
7135
6879
9585
3114
4338
7743
7101
7670
6657
4267
9299
775
7572
3786
5032
8296
4990
1588
2253
8761
9339
6148
8824
7742
9670
3812
8067
4726
8646
8893
4419
3388
9423
3887
8493
7313
9392
6397
3458
5946
4934
6308
9026
2638
4950
9763
867
7867
4238
3531
5649
3230
1207
6701
6028
8
1562
2915
4323
4760
5131
5471
9697
6177
966
5464
3240
9305
5172
764
9988
4093
2819
4521
1334
6680
3134
1536
982
4052
4839
7212
3675
1175
7510
151
3812
5744
9326
5778
9040
3168
6738
8636
704
4117
4561
7848
6087
9417
4001
7928
7543
5797
3844
8528
1350
1697
6047
4179
1692
9306
7765
7022
5168
9260
7747
4727
2632
8399
7247
678
9830
24
7420
8307
6487
7058
8679
3000
8930
6219
371
1815
1053
6839
4082
7932
9212
2102
1670
6357
1491
8166
4952
9177
8772
3772
8081
2197
9984
4807
6556
223
9659
3926
4188
4176
5174
2209
2135
4252
9443
575
7471
471
7375
2445
9077
8412
4505
7709
7406
5504
7900
8541
6083
4202
8006
8114
5679
8600
4543
633
1556
8022
9549
8520
9378
8976
175
6058
2177
6798
5792
3433
5249
9719
3236
4201
6835
6369
925
5371
9554
6716
1370
7695
3811
5945
862
5208
1709
2657
6066
7956
639
8536
8069
6175
641
6249
2746
4112
1960
4343
526
8396
3397
7001
9104
3782
6285
5340
4981
8359
7140
6725
8627
7207
4808
381
8343
3703
3838
9849
3442
4914
6741
8358
7122
1810
3481
4080
745
5329
378
4748
7914
8139
7860
7311
6238
92
2064
4903
1023
5655
5222
4822
3948
846
4506
1553
4553
4592
2610
3593
5797
8661
233
2193
7966
1657
3283
6497
296
6336
7257
4858
7135
3986
3165
4604
5006
4318
5012
327
5116
6116
698
8200
8546
7832
3829
7310
4137
6123
3680
927
8191
6353
992
6655
2794
9298
6098
689
4805
1248
6711
5418
2952
8505
1633
2964
5976
3830
5226
2942
3037
1364
4850
2607
5762
1436
8823
9090
872
7906
9899
6248
9819
9467
1675
5322
7300
2466
967
4970
6599
4520
4254
770
2796
6297
3695
8287
5544
2089
3930
5881
4793
1638
4581
1519
3291
81
3556
4731
363
2947
5395
7818
7429
5525
7098
9328
8356
1495
9482
6324
3522
5176
2790
8904
5903
43
3496
7697
703
9978
3625
1410
2271
3045
2077
3492
8474
858
5064
4391
1470
394
9706
2934
1932
4527
1771
908
6628
4662
188
5293
4490
1490
4509
6924
7739
5754
5155
6784
4664
5275
3878
2609
7777
4114
5011
1824
8106
1620
6981
6459
2925
4528
1553
1572
4480
4588
8695
2469
977
8210
5181
6771
372
4414
4791
6765
2653
7139
1576
8506
8115
2771
8641
4225
479
998
6540
4376
5702
2392
5488
9675
3804
3357
5636
3048
8745
9221
3251
4509
26
7582
2462
4084
4873
493
7435
8098
563
2817
7816
9849
9391
4250
811
5631
8412
7480
8712
5893
1394
4029
5169
2187
7865
8976
911
9428
4316
7911
3892
9666
9468
521
2942
4058
5333
5500
9434
1151
1745
7907
334
7864
3679
2349
7232
3440
1215
6198
5046
4891
5306
5296
1968
5655
9182
2448
7083
6800
9891
9907
4692
8683
4788
909
8272
403
8625
5414
6484
6816
78
8756
4828
6331
9554
4402
5375
4831
4247
6552
8617
9574
3064
8591
9619
2463
1650
2796
7473
6375
1387
8925
5312
5180
7877
3700
1806
7188
499
1827
7212
6817
6571
6652
7491
7141
7642
7855
6699
6664
1084
9129
4066
1421
3581
9240
3317
3746
1609
3721
216
1673
3928
938
3832
7845
3624
5278
5551
1011
3952
6824
309
4877
1400
2664
5224
853
4598
6970
9946
2477
7667
1324
9510
8368
6421
7807
7653
2151
9504
3400
8169
2463
4702
1134
9731
1719
6817
9119
5264
879
886
6693
407
5053
8246
819
9864
8240
4497
9248
5139
7579
5033
9449
3416
6129
1765
7144
8720
5013
4437
7859
2770
9140
6473
3812
3728
5478
6339
5787
3406
4720
2896
1846
8655
9419
2216
2953
6146
582
3370
6577
7240
8129
4125
3454
60
1527
8707
260
3585
3365
4455
4791
601
2713
2509
7871
5701
3978
8229
9739
8892
256
6175
5560
1290
5309
5062
1922
1810
1368
1193
9381
4101
4444
2912
3920
2896
401
5286
5115
6122
3524
285
5317
2620
2567
9243
2292
6313
630
1524
1230
2961
5103
8344
4279
4004
2967
6318
1556
3769
1360
2035
9121
4113
5632
6133
5655
8297
8654
6591
9942
6239
4908
4240
8005
305
453
6032
6551
2700
1008
4712
1173
3602
6692
3563
2911
3915
5119
3257
9768
7982
1749
8368
3358
9192
2403
1613
3159
4189
6994
3108
1298
4025
5360
7039
8193
6277
8943
442
2954
2825
5017
72
2908
837
5327
9091
7375
7261
3019
248
9302
8335
850
1224
6190
6060
5830
8979
8679
2073
9696
5231
9919
7786
7832
7107
3238
1923
3407
2129
7493
8721
4807
1549
6397
9074
2633
9532
6509
2230
3779
2749
7521
9089
1626
9663
2488
1150
5355
7516
5728
7431
5318
6325
5254
5222
4112
9344
9629
5970
6364
1714
3020
3866
8504
8235
7247
8826
6424
6286
1982
9956
7030
5679
9393
3225
4610
6609
7157
2976
6434
8194
9579
6290
987
8766
9823
3302
4285
4302
6027
4881
8498
9415
8454
9719
1557
8063
687
5444
1230
1013
6944
8062
2633
1333
4167
6288
2915
6009
9144
8402
1260
7462
9141
5979
8799
8286
312
1731
1951
543
8676
3214
2316
9747
9150
2092
3022
539
3551
5762
2008
8017
7503
3833
8061
2515
6366
4743
8595
6903
6965
9954
5812
5183
4429
6029
4828
2093
5954
7122
6046
1312
4525
2526
8536
3590
911
4717
6354
2262
4185
3660
780
34
1599
5707
9386
8075
6696
4464
6184
3732
197
1383
9929
8040
4072
6952
4588
9817
331
4029
9100
1746
2005
3127
5164
7392
9413
6160
1156
1200
4116
7449
6012
981
1177
4905
5292
9525
2554
75
2342
5221
7881
8749
1116
5890
8616
5673
7725
2213
1046
7209
522
2395
2243
2723
4924
6282
2450
4596
9963
1027
6810
3578
8542
3278
5486
4471
2202
9881
9658
2882
2766
4030
3475
7547
5340
4201
7972
7167
9865
927
1667
2730
7560
8069
9269
2515
987
9254
933
1362
662
2644
8783
1582
6071
9582
6886
2317
7497
5003
4473
2352
289
455
3602
8005
9168
8974
8569
6185
5716
6308
8998
1936
5836
4191
9302
2857
9105
7614
1042
8060
455
6558
2387
4880
2541
7228
6662
234
6607
5472
1487
8006
7814
1629
8663
7184
8109
4544
2735
6233
1546
1128
6729
2482
6762
8958
7551
8107
1250
2285
6829
8390
8894
1213
320
4566
8790
9177
4398
3883
2138
2214
1216
172
2761
3679
5494
8960
6979
2380
7487
2473
6362
8218
9600
3268
3545
5346
9050
9445
7522
7610
425
5370
2479
734
2295
4746
3906
850
3354
3183
7318
8355
5951
7371
8883
7639
478
2080
8847
9790
5681
6890
5909
2464
5181
6032
2204
761
2246
9430
401
4381
6781
8917
1883
5821
4801
1948
2900
3787
6986
8569
2464
7689
9195
8186
3875
6784
5862
4997
8589
2783
906
2760
8667
1442
2811
7845
8606
2382
7764
3067
4400
7024
7246
8905
9276
6344
6336
8299
7120
4485
8775
3376
349
7774
5656
8222
5780
3463
9514
3927
8708
4179
7629
8038
2436
6562
7315
9952
9681
9068
6257
8138
2131
6382
3886
7328
8988
7358
1421
3609
6903
7512
5804
4172
5803
583
5878
1478
651
2655
1435
4679
7752
6727
8274
166
6808
886
1078
7447
3697
999
8600
8414
5872
2874
7378
3999
8594
4573
5750
565
5662
5419
681
1099
8803
968
745
373
6676
1028
7717
4724
74
7621
6302
9828
260
6983
9616
1464
398
771
7874
6469
804
7241
721
7748
6472
7161
2864
2149
4242
1960
1692
1448
2710
2445
2342
3734
2435
728
3729
6774
4597
2356
9212
9076
2581
3277
2263
8968
2302
4172
6478
378
3591
9358
5728
5824
9717
7640
1908
8755
288
9538
2001
2920
4398
5501
5158
514
4256
4716
2776
4786
8712
9072
6175
7607
3908
4481
1149
7767
6836
2190
9883
3261
2007
436
8898
3145
8689
2040
925
6709
150
4247
903
5115
3535
4393
5405
2211
1603
9639
5703
1626
3134
1600
450
2293
6534
269
3535
7640
9886
7998
4242
4305
6865
7920
1143
7919
8522
3067
642
8777
9848
8101
3118
2610
1193
3248
3021
7954
5473
2532
7238
6477
9911
7220
2788
4889
1061
2953
8714
5367
3884
9715
2152
9863
5592
9086
8455
1094
7879
1703
5511
5193
8710
7331
4719
582
6494
7131
8857
7576
8539
5039
5514
8185
6002
275
8038
7038
319
1060
5064
8075
7385
6710
7859
8188
9461
4435
8259
6395
4891
4843
8845
5191
3276
5445
8842
7892
3788
5421
4995
2816
1442
8335
9735
4367
6094
6136
8930
7039
8934
5784
5928
8618
5933
6452
99
7682
171
77
3188
9741
1319
1900
5153
4659
4127
1648
9371
771
718
5367
9235
5600
9385
6703
6347
3030
4336
1637
3490
4469
6244
300
9380
6798
9180
3295
3376
1040
1983
7750
3084
7358
4760
1192
4344
6958
7564
6692
8071
8818
2612
2799
44
2462
1971
805
296
4084
286
3677
8292
7607
8376
6855
7556
9718
1979
849
9119
1458
9092
6354
880
6429
7176
9956
6158
4383
3096
630
6170
4923
8292
9420
68
598
8870
5433
5352
7198
6799
4845
18
3413
4884
8047
3330
9043
9650
3992
3762
730
6510
2856
8362
1081
8160
596
5251
814
1560
9618
9904
7355
8739
2347
6359
1303
1466
2931
2848
1218
1057
2742
9477
5131
8043
6036
5959
6616
434
7630
3678
8006
3510
7778
2551
3509
4614
2759
355
4631
3757
5764
1506
5999
8563
6182
414
8227
5510
8730
3345
639
7499
3746
8992
6616
1974
3633
6077
692
9656
4866
9042
240
3829
6027
9162
4374
398
2291
8226
3304
7545
1076
5503
165
6821
2983
9941
8327
5900
5507
4537
5971
9573
5634
5062
1960
1494
1235
6121
918
5905
602
6738
8344
7523
6141
2433
3367
8713
720
8190
602
9541
4897
767
6247
2007
9301
7442
2134
3967
8201
3436
9960
3869
7279
5163
5316
2589
2868
9471
5365
4715
1774
8649
7608
1113
1293
2605
5134
7128
3837
5605
122
2172
9461
9712
3969
6474
5701
2942
2749
6328
662
4512
489
2849
3887
7602
5913
8000
3270
2240
805
4170
1938
3403
3110
63
4033
1174
3225
2977
2756
8351
8155
222
65
5972
2872
9558
3111
8361
676
6903
4557
8690
3161
9096
3320
7671
668
1233
9272
7194
4517
3671
1924
5327
5953
4275
4287
5134
6502
3498
69
5178
9579
156
2885
2476
4314
8016
4858
6631
196
2307
6683
1756
678
9047
1730
8821
3360
4537
2864
968
6273
7888
8770
3376
2750
3395
2614
400
9564
5664
6689
3047
9707
852
6952
4585
1535
6647
763
6198
4681
5592
3903
814
7470
5656
1114
9197
7963
520
6930
2084
4539
9502
5583
8164
7568
231
2191
4856
2445
2795
642
4458
3523
229
2310
7667
5636
3654
3257
5028
5135
7314
2910
6327
9971
9041
6380
9062
7614
8655
3765
4758
3289
752
420
4090
4525
2788
5774
5069
9841
992
6764
9028
8291
7635
5565
2072
1473
8751
1342
6254
52
851
7793
8271
4122
9491
4699
6222
4147
2541
7866
9286
4006
982
7648
9813
7864
5412
3560
7643
3383
261
7918
8294
2702
1751
4109
1820
7170
4161
7736
325
476
1180
9483
5072
3623
4841
3918
4202
645
3284
327
1731
112
5129
8907
3871
3655
6300
7221
6325
7909
2554
2063
2185
1941
2656
5869
6629
4604
461
4441
9365
802
8304
3579
2910
3328
6172
7570
2212
7576
4262
5920
4645
1322
4690
8880
6816
7031
9220
5300
4602
4540
220
7328
6858
6652
1028
5885
9356
3513
151
4053
9646
1765
1618
8897
6003
7257
3339
6110
5165
4270
19
1078
9079
9046
4108
5129
1656
3414
8463
8408
6973
9184
3023
3386
5847
7692
7399
3654
9815
9570
979
1946
7084
1954
3360
7440
8952
492
7970
5032
6388
1643
3631
214
7920
7868
5226
5613
9351
600
5755
3094
8741
7854
3910
538
2354
8813
1091
7986
3982
3374
5092
7361
2702
6639
1155
7643
4471
2468
3145
9433
3405
7957
7010
7018
3735
6534
8905
2100
9914
2035
5538
8178
8535
3472
715
3995
1854
9069
5255
7679
7190
580
5843
8144
9108
7507
3209
6713
1761
7625
4464
4624
4678
4756
4935
6402
2510
100
9908
755
1060
9140
5602
489
1246
1234
847
8618
1271
2293
793
8605
5926
1917
1926
5583
6857
1060
3228
6786
7179
8018
4100
5349
7227
973
5799
5243
6941
4864
9199
3773
6282
4460
6813
158
5434
914
2628
6719
2232
2573
3
4116
3943
2174
8877
3499
9887
8109
6642
906
4466
976
8181
6784
9461
5330
9100
7356
6463
1719
9110
2060
9762
9544
283
2335
3485
7938
3869
9621
3425
4400
9973
7098
1318
4039
7125
9681
1815
8426
6220
6893
1046
4841
1687
650
1223
5879
6647
865
6756
3242
8
5067
1048
8591
8308
5199
7129
8830
2068
7577
5079
2371
6363
9676
6304
4561
4760
2335
378
5204
818
6239
6436
6296
5582
1141
2269
9668
9953
1477
8260
3816
6225
4908
5910
2007
200
1109
9271
3806
6591
4657
407
4980
402
2316
5906
5466
1054
8969
5733
3129
4245
9491
5559
3340
2641
8448
5914
664
2893
8572
9333
7787
5976
4784
930
3320
5485
2327
3621
1252
7389
6973
1245
10000
4697
3983
3359
4997
6410
401
4753
7262
6673
9010
2110
5812
7919
5405
3283
421
4844
8878
6166
1903
5769
9166
2245
8529
6166
5955
390
585
8362
4237
665
2519
6503
4557
6538
4096
4260
92
3300
7950
9415
3786
8311
9415
5873
6111
3633
2017
7914
9043
7237
1426
5084
9668
4606
1337
2775
1020
9740
859
3507
597
7897
2430
3399
4858
2551
9669
5471
4290
1433
3269
528
4890
9438
3134
3559
4050
1161
5620
1791
6944
7297
4953
7984
1713
9312
3998
4737
1467
5086
1650
2903
8617
8394
1678
4886
9359
4135
9016
2416
6863
4618
7059
4560
9630
617
6440
5474
7744
2422
5049
569
7577
3775
963
5732
970
1442
1026
1911
5486
9012
6143
2538
7931
5735
5825
4572
1671
2542
719
1825
943
6073
4300
9835
9011
520
2598
7082
9860
1325
4870
2602
118
3901
4899
9791
6424
3813
1802
2620
5810
4327
5240
9767
8259
5483
444
3463
4155
2897
7259
9937
4113
7374
4364
6112
7079
8413
9292
6500
5679
1532
870
6308
9952
3479
2082
6355
3515
4259
2467
2106
8514
9823
2444
8068
435
8092
4647
1936
1584
8877
4512
4241
6565
2641
762
9861
3547
2788
1528
3921
4492
2659
4036
3058
671
3957
8369
7436
2464
3895
9484
9374
9989
4558
9738
3778
2161
2071
845
3993
7626
2661
2445
269
3372
2813
119
1213
2835
8309
4963
4853
5714
326
791
5096
2165
8287
6214
6907
7732
9234
9617
1757
6022
3032
9704
8468
4560
1578
276
9147
9521
7089
2479
1169
8282
3478
863
6734
7709
2675
4529
1720
2831
4086
3251
9954
7684
218
1778
701
991
7042
5980
1907
32
5455
8469
8519
9858
1974
6110
245
20
8924
8714
2238
3071
208
3037
6029
5325
3969
9160
8998
8282
2949
1741
8070
1880
1492
233
3133
892
1573
6160
7874
5041
3780
5244
6288
5015
3848
6039
926
6511
3044
977
613
8659
2666
7378
6725
2681
8633
8949
9040
7728
3924
149
6822
7388
7686
2046
4697
5499
6471
6511
9908
5955
3776
8606
6815
184
4015
125
1691
3852
38
6891
5093
8870
2341
8747
9427
8771
2087
4239
6779
2108
1798
6397
3101
2493
7823
252
2057
9870
808
1459
8912
4528
3367
967
4444
7547
8250
5014
125
5526
4544
9925
1575
9226
9379
1096
7995
3313
6143
8281
2017
7677
4188
2890
9733
5780
8794
1165
2822
6916
2095
356
1974
4578
3350
5619
3781
9414
9697
8354
6274
4011
8514
4692
8914
3096
1146
6324
5719
8727
4851
8367
296
3109
3691
3264
5550
4692
6156
7411
207
4949
6824
4669
8337
8893
8664
2085
9967
3901
3562
4071
6025
2089
678
1672
9877
1227
2361
9844
1001
4471
4741
4458
7628
8764
5715
4522
9335
3448
1971
1850
5294
7343
3002
3473
4588
4832
1545
8748
162
7911
4865
8246
6036
5539
3026
3421
4944
6553
1938
5348
9937
456
7641
6937
2458
7562
5393
3624
2402
1386
7349
3495
8159
301
2586
160
3216
1903
2491
365
5689
5437
1637
7363
8269
6300
738
3954
8652
6268
3185
7828
7851
7801
8437
2767
906
6214
7202
9335
6793
4473
6366
7612
3903
2429
9210
1823
2160
5883
2247
5188
4782
8108
5468
630
9277
8241
2809
1532
6788
933
9160
4271
7913
8967
5829
9414
6829
3693
7226
4373
5038
9429
4858
8427
7923
3058
4841
8496
5188
3631
6192
8152
9533
9480
9727
3028
9534
2982
5993
8509
9311
8783
1653
9609
1763
249
8966
4870
1989
9395
8360
4870
6555
7719
1040
8248
1614
5157
9579
6795
6163
2265
8209
988
7804
2927
3913
7186
8271
1751
6877
5057
6899
5745
7895
8546
7176
7123
1965
6476
5502
6221
1177
981
1843
6587
9562
8962
3269
4469
3767
4352
2601
5872
2884
694
8899
7955
1832
154
1647
845
2447
929
6505
3660
2209
5989
1084
8757
6169
7619
9169
8718
734
5204
1624
4386
3780
4147
7550
5487
6236
8337
7079
8132
3883
8656
7976
1153
1225
9490
2099
4834
8099
629
4280
7056
4254
8208
4377
8517
7537
1099
6457
9605
7896
3537
1538
4426
5766
9935
8144
2195
9873
503
5454
7076
4772
6935
5667
4375
2387
4939
9939
2163
2804
9203
7315
9333
6595
6482
6488
7572
2613
1442
7245
6839
2297
509
7591
9988
228
9583
7490
5046
5050
5110
2855
4228
7667
7690
618
5331
9086
521
2256
9121
933
7377
2737
3029
1219
6433
3828
425
7626
3256
519
1001
4906
2262
581
6952
6755
6820
4650
3203
9359
2538
9393
252
4879
9362
7952
8077
1450
4716
2102
3172
9845
1349
2357
3385
3825
6455
3996
9819
1113
3231
114
178
6261
8020
2420
8599
2975
9042
8993
8690
9738
4300
4818
1916
5171
9716
3998
3789
1155
2006
1516
7003
6749
40
6249
9683
8955
3158
8793
9782
1127
945
1656
4517
6104
5133
7817
4928
6949
6080
3837
2397
3000
7221
8298
4359
2606
2100
1713
9123
1536
4615
3444
9439
1030
8698
3574
3599
1307
9986
3975
974
6078
8656
9106
112
2302
6786
2620
3395
2884
3294
4935
2063
2503
2510
9892
7279
7708
8020
9236
971
3892
6034
6037
1589
9603
2054
1483
3654
714
5108
5979
2724
2036
5718
4938
2301
4427
6571
6639
6689
6616
6199
218
8204
5382
9289
7535
9656
511
9796
8623
6218
9474
6624
6810
4240
3794
2088
2001
3184
5120
6768
3830
830
2981
6691
5432
4989
5671
3845
161
1519
8661
9824
6642
131
8118
9051
1267
1363
7847
2059
3907
737
4867
6062
8706
1753
8029
2190
3096
3039
6491
5493
2476
7155
1020
3174
6280
2970
6736
7285
3730
1001
7134
7817
7311
4252
7259
1667
7166
8198
2998
4008
9230
2293
9573
2801
3448
6218
3485
8841
6523
2607
9679
7976
6838
7458
5022
9966
788
1018
170
3331
5428
2518
5641
5830
6510
8820
9470
4993
9907
5045
8589
9356
6235
8117
3350
2789
4935
1693
2700
1015
1103
9148
2826
3375
8741
5864
1066
6538
3263
1070
2401
1963
6363
4740
9040
6663
3196
7369
614
100
5531
5200
8063
6471
6954
5812
8692
9499
36
4433
4641
4493
1385
5860
7516
9543
7061
6021
779
6381
7712
119
3503
7830
7872
5457
7590
7942
320
9585
1762
7697
6708
6677
6921
4431
3265
1507
3102
5868
4144
6918
338
7472
9694
9049
7600
4634
4286
7407
814
7861
7376
3451
1843
6962
8069
9424
3244
7406
9213
2591
4716
579
7439
6949
5321
7829
7772
1708
4201
3050
3099
9495
9376
9734
4764
4687
6739
1974
8531
4623
3029
7055
5816
3132
6396
6798
2710
3546
3277
2288
5912
5130
5314
3919
1148
9530
2392
5186
512
678
8588
2288
1656
2962
994
9494
3463
4128
4566
3676
7032
5710
4066
5350
4201
6923
5932
8570
1589
1956
1588
5923
7447
1711
9743
556
9754
6224
8456
6446
5210
3156
9598
8501
5189
8718
9395
394
5295
9956
4669
3589
7036
5914
1851
7886
8768
5371
8002
7191
7991
6800
1472
6867
5794
2409
9655
6046
5260
3740
2914
1241
2281
5806
7409
7826
729
9212
4674
2127
2033
6669
8061
233
9281
9516
6540
1340
907
8253
3452
296
595
9587
1488
3777
8938
2979
2876
6467
8097
1384
5693
5675
5581
6743
7272
4729
1788
6732
6612
4136
7267
5444
9491
8758
7109
1203
8232
9233
1729
4564
4014
3719
7841
7884
5244
370
9990
5921
939
9609
6357
546
1423
8206
8561
5313
5953
6381
424
7918
2343
3798
2783
1859
8565
5183
3462
716
2465
1863
1300
8832
3198
4295
822
5569
4889
4160
5138
9369
7680
7866
7862
1546
4067
9867
1995
9107
2212
3106
4781
788
178
7536
7167
5094
6800
931
6998
7870
8239
8422
7467
9397
1507
1484
132
9776
1298
1567
7517
4779
3050
3218
8906
1625
9998
6767
2564
1677
159
9194
7897
8561
1603
3212
5091
9905
6031
4988
6105
8364
4500
237
7796
1343
9454
515
679
6457
6999
8553
2553
9112
646
6051
6841
9517
1029
2177
8720
6128
2458
540
869
3264
3576
6268
8706
2909
6122
5755
7619
2269
6900
534
3702
5143
5798
4553
5418
9775
3418
1645
8318
4954
4571
5140
2107
1400
2740
6357
5117
3761
7798
9905
2520
7462
4723
9432
2210
5840
6581
7618
5450
805
194
5183
9811
3891
4369
6607
7685
4784
426
8631
9013
1171
9230
9920
5305
1529
3163
4766
1755
9488
3995
8244
718
5779
9197
3492
9612
8513
6498
8708
6628
6065
1017
7854
7919
3645
4621
6688
89
6699
21
1942
9402
3194
1597
9038
1549
8832
3695
5008
56
7609
8475
6053
4800
1119
5418
1768
3223
5821
5283
8069
9816
618
5837
8471
1407
9435
6144
1645
5806
5611
9227
660
9492
379
3826
820
5895
7458
6584
7955
6243
5798
8325
30
2231
1042
3173
2185
3866
2975
5254
7315
4119
2604
9370
2678
7738
181
5631
6366
6360
7814
4626
6488
6124
4497
2744
7354
814
4593
2722
7379
3050
1097
5700
8854
7899
3178
7823
6200
6005
5932
9247
3810
3935
2117
7821
3450
2303
4066
5712
7504
8709
4299
8895
345
7261
4911
2348
7642
773
5890
2003
6304
1804
8908
3734
8080
913
9360
5259
9338
486
8222
8106
6679
7166
6020
7709
124
2956
452
5460
204
8676
5331
8588
245
990
745
8298
6746
359
9605
8369
8328
5782
3987
3233
1340
6150
9053
2362
6369
8891
5482
9287
8178
2698
5694
6052
8885
5887
3178
4208
6387
2207
9583
8487
5351
3971
9557
4681
6408
5259
2026
5426
4996
3485
3176
9365
5194
7
279
1737
8807
6900
9569
7222
4842
5559
9176
6171
1206
4935
5278
9663
9625
4729
6610
7442
552
6156
9274
6264
6044
5076
4723
5542
5085
7469
520
619
7963
174
3076
7879
4581
818
329
5393
911
9279
704
3413
2701
4922
9116
7053
1229
7384
1184
1829
7561
6254
253
3067
9025
6330
8679
8943
3738
5468
7883
4577
7663
9194
8111
6973
5533
6734
2351
9984
3937
7898
4337
9931
3546
5868
2942
2974
6190
7824
4676
5910
4004
1587
818
4281
7076
3642
9002
8794
1112
9400
8882
3885
9931
4705
9640
1741
4031
758
9817
4786
433
3725
2146
6735
7429
5438
96
9109
4731
6254
1725
7853
9414
6195
8936
4272
4761
2766
1373
6709
2461
5858
3360
1169
4854
7866
3617
3007
1094
8563
5663
5863
7514
995
905
97
7800
1251
6206
5260
4978
95
9897
1345
6396
421
4437
558
7471
3217
1630
1978
9075
5739
5743
5808
1506
9067
8425
2993
7839
2304
9623
5400
5397
8950
3116
2839
8547
3551
318
5384
8361
7091
1402
8042
2825
8475
7358
4736
7325
2767
2394
4175
8275
1837
3339
1829
5733
6167
9079
7581
9065
9197
2710
3723
2621
3533
1643
2628
8335
2772
5054
4773
8893
4821
1623
9527
2930
9113
6246
6091
9469
536
7023
5907
2357
9194
7831
5298
9812
8951
9980
997
5552
1942
6955
405
4535
971
7465
3193
9547
5893
2179
2971
2925
1968
8578
3923
7046
1031
1665
189
5753
5855
2173
5106
3886
5989
5202
3135
3869
5583
8159
7990
1914
9361
7548
8436
9855
9710
7655
9548
6507
1448
1057
322
2462
3788
7337
872
8676
2340
8357
5557
3180
470
3853
6314
9130
4850
4743
2822
4251
7153
7591
6220
2618
1474
451
8687
2180
9024
7463
4155
5759
2727
8488
1342
9331
2636
3643
8466
7039
605
1256
5068
8871
2504
8700
1433
7174
9191
1706
9364
6460
8543
4495
8650
7386
8815
9541
8342
450
9068
2136
3065
8476
9825
4436
7416
6602
4272
3681
2618
4904
1927
8697
7990
5014
8538
4021
5436
1767
6103
6265
501
6512
6041
3818
4555
769
3667
8094
1470
8926
7173
9551
8672
1933
9863
3679
9407
5518
1558
9615
2724
6547
6763
5702
1381
279
5379
8629
1988
5748
9479
4477
229
9363
5420
4477
3816
2578
6465
3781
7849
7525
79
5974
9197
3851
909
339
6557
7875
6354
3110
846
513
6924
6208
9790
5905
2273
1517
8797
9555
4355
1840
7904
5512
8391
7852
2849
6176
5744
7662
5022
6275
4364
3158
5482
8552
8862
1576
5403
3874
4413
2645
5831
6086
5511
1271
6075
890
515
342
2194
1722
4065
6293
9109
5628
5928
2137
5585
2426
5512
911
1184
3485
3310
5757
9121
8806
2428
1804
456
4505
6209
6728
3910
6757
6572
5312
7128
4883
5242
106
8133
5382
3183
7178
7157
5255
198
878
4423
4734
8007
4347
6256
829
1320
2583
725
9004
6881
6258
8943
747
2727
1734
7946
2718
5544
4923
8438
98
5829
460
7857
3637
2891
3981
5361
6194
3394
5686
899
4865
4610
7321
2371
4487
2832
7548
7714
2913
243
3464
7736
9704
7966
9800
3127
4763
5677
6425
1798
6003
5303
9445
4880
1356
6118
1208
1748
2786
9032
1526
470
9706
2427
8468
7262
7640
3573
169
5452
1875
7541
6189
6659
3668
7462
4378
8780
1088
2844
5183
8220
3857
2692
3461
3930
6952
3246
1395
5827
8702
1496
4736
8532
9361
9710
3227
6239
4016
4273
8684
4380
9207
677
9692
5055
7011
2866
7049
4441
7319
3385
8740
4600
8953
7101
4362
1693
8955
5758
6548
1986
5090
2407
2341
7581
7371
4961
6463
5403
1623
3380
2317
5532
8295
202
1239
5510
3192
4908
8129
8489
5551
2660
9306
746
7287
881
8521
3335
5453
9183
8358
5909
7213
7889
7147
511
3349
5969
5839
294
2130
553
4458
3779
7664
511
5381
7261
6268
9378
6522
4870
9464
2857
5781
3170
6687
4526
2515
8677
3191
5965
6926
633
1458
3916
9440
9013
509
192
6086
3091
9126
5250
8221
4580
1387
275
131
8699
1267
5365
4955
2990
5403
253
848
7575
2753
1677
6459
8212
4974
8501
2065
3127
4816
6414
7866
4996
4007
1396
4091
4641
5987
8733
4464
9221
5055
2067
8149
3534
7187
3475
7379
6158
5155
1076
4039
8916
3413
3328
273
6901
7175
5298
848
2354
8052
6173
9960
5033
5040
5024
3117
9473
3040
4481
8835
8426
7319
1659
6385
3775
6537
814
2566
9230
3713
5607
1109
8369
1988
4198
6976
7869
7976
9873
3244
7378
9869
275
2736
6412
1088
8944
3804
1534
9164
3591
3284
1139
4940
4547
1979
412
2308
8260
8402
6600
3763
4194
9185
7821
4400
9308
288
2442
1915
7908
2908
381
5653
5807
2084
5920
7312
3252
9383
5158
5996
4425
8904
4249
7637
8351
210
8911
994
9920
9311
6804
2683
9096
4066
3737
3767
8211
7322
7868
5501
7859
4384
6854
4092
7874
1816
3187
5977
3355
2676
4173
3600
3400
7448
4734
3793
1503
6539
7208
2904
3258
9990
6408
8494
641
7041
2657
2003
1478
2224
7105
8360
3151
3711
2138
4576
7142
9209
8514
2397
8829
8637
3236
1796
5428
4778
1486
5427
1475
4874
7619
1807
992
3539
3880
7564
9770
4973
6950
3811
3334
4048
717
3808
7851
6161
3059
799
51
6808
133
4320
5250
5420
9093
1913
843
5920
6825
6751
5531
7597
6466
8870
3226
147
544
3574
4122
2005
1446
327
3116
917
6996
5298
7665
5763
8287
5003
4324
9165
9123
7327
1396
4260
8552
4564
9728
2480
9857
2546
2915
2154
3605
9579
5397
5407
2389
9850
7672
8996
1088
9231
6744
4286
6364
6232
2539
3198
5661
3378
6759
1929
5074
4723
5452
2830
142
5002
4947
117
4970
6889
5162
9503
7409
1906
6432
215
2223
3629
1921
3887
9591
8400
2455
4963
4739
9888
2005
5785
6736
4199
1332
5802
1711
7054
6981
614
1634
3323
4542
742
5653
3778
443
5964
7621
5763
9711
2687
7820
3074
2452
6006
3939
1939
5296
6347
5425
378
4585
9373
1588
4922
655
3361
288
7056
8754
4821
1467
7706
592
2624
9955
1748
1691
3605
5606
21
9018
7648
5320
2184
4811
6553
6601
4044
1541
8853
2962
6226
4002
3853
149
8026
4429
9372
7081
6118
315
3804
1766
2268
8109
2995
3440
176
429
7651
5713
4440
7553
9720
1454
1668
3103
93
8303
6107
4354
8535
4428
7659
7311
8825
4565
6077
7463
3962
3204
5964
8437
9980
1012
8475
3163
9798
3599
6206
9873
2412
7139
5158
2508
3945
6539
9063
6967
3858
6963
3528
3596
7180
1240
3256
7640
5643
8199
1662
4097
6617
6243
7359
1139
7505
9572
4802
132
2036
3372
2607
6426
9880
9799
3264
292
1000
9290
2765
4134
375
3545
5277
2230
3822
165
4520
8902
674
4972
4376
6262
1134
518
8460
8924
7657
6722
785
2132
6259
6576
1617
8311
4207
4796
6725
199
2787
4304
6078
8022
8858
5042
4418
8816
6731
7502
2700
2936
7136
6109
4257
5323
6427
8232
6296
1816
7476
7009
9079
9991
6259
7882
7429
1993
5915
5710
7522
9207
8525
6164
8892
1934
7396
2588
7349
6136
4892
285
330
2669
4987
7791
258
365
7546
8021
9913
9663
5742
1382
1869
2381
4195
6874
9182
1259
2550
2692
8623
3526
520
3753
6545
4240
1813
5695
6801
8563
9306
529
6522
4020
2046
31
9078
4247
319
2827
492
9449
6439
6739
6107
8726
9730
6112
3842
8850
8207
9457
1653
745
3427
2173
3740
8470
9039
1024
5246
1850
7928
6065
9850
4007
916
757
9816
2305
7122
4253
4374
8936
2526
7335
8158
914
7674
9789
4008
1291
6328
830
4271
6760
3652
7981
831
5055
1857
274
9414
1069
4139
7949
58
4589
9648
320
742
8950
8872
4375
1308
9545
6946
5518
3799
7520
3314
5358
4164
7226
8480
9
7050
2092
5378
5864
8191
416
526
5338
3920
3796
7710
6513
8402
2666
3040
9683
4005
386
5080
3004
2488
6761
9104
9416
8289
2913
1095
1566
5784
7963
4149
294
271
1660
4068
4294
6820
8962
7371
1787
8242
3304
2484
8728
8202
5215
8273
3189
4161
7615
8349
2405
3078
1898
7493
9063
7159
9741
6028
414
6497
1931
6855
221
3559
4862
8957
3174
5139
2344
8167
2817
4119
6752
1398
6173
5706
3525
5279
3620
6092
4638
2912
7633
9194
4469
5982
6702
5824
1296
3332
2875
2903
2666
8008
7928
7010
8749
6391
1595
3525
1920
9568
4692
5439
1924
2181
4825
1271
7305
2312
8265
1082
7506
1961
6489
2895
2131
1634
9450
9956
8455
5767
7721
189
5596
7233
2383
7079
4254
2429
1600
1414
214
3122
3179
4798
4868
6192
1990
4743
6558
5646
3494
9023
4971
4434
6277
4083
7581
1495
5531
212
9714
449
8374
4425
2515
5999
2128
2910
6856
5067
5333
6797
2475
5029
3978
3253
9276
2306
5150
4279
6249
8344
4551
4580
47
5583
8909
4376
7682
5285
4429
5029
5731
1166
3826
4058
1194
3275
1936
2197
594
8930
8635
9127
6063
5777
3958
5216
1345
3282
1249
6184
8983
7267
8756
8156
2651
7415
5713
3785
5004
3965
2720
3898
6167
1030
4762
5574
7880
7694
7966
163
280
4942
3562
1908
1796
4817
4395
9936
6016
8398
4010
1183
1012
3921
5470
9780
4549
354
5344
7106
575
9972
3096
3345
9486
9877
3748
7880
3236
3621
929
4806
2503
3885
3933
7694
3039
8472
208
208
3103
9693
1168
3227
7305
5699
3330
1463
6202
3852
9535
3467
5031
7415
2306
1626
1178
1483
3330
7243
1833
2210
3613
9569
3149
488
4411
9667
6545
6531
7002
2942
8051
462
7828
4461
5778
8512
9191
9544
4912
8284
3687
3119
4738
5968
7273
5451
4932
9288
5522
6279
9960
7326
9090
5752
1894
4073
3101
4316
2555
7811
6881
2747
6790
9298
3644
1204
3151
8282
4071
9297
6009
5583
3110
1192
2081
272
1125
7576
4111
7799
9834
9559
9817
7118
1784
4469
518
4490
8388
6505
5504
9186
6660
6629
1995
8917
5725
4850
8234
7127
1922
4901
3564
2161
5818
6382
4898
6290
6405
2971
8610
6102
8590
7915
5571
6054
8003
8603
5208
8040
442
4034
3839
3948
5024
2659
9279
8586
329
3204
1565
6869
8153
5099
9428
8216
3739
7383
8315
5997
1655
6836
9028
6596
5941
2654
1973
2259
8205
6810
4683
9595
214
3554
9149
614
1025
1903
2517
4834
5068
1672
7843
9314
9113
7724
6094
7210
6435
6794
5678
6986
1977
6626
3335
1050
3737
8396
3903
7368
1409
5856
8968
1867
7625
8017
7547
8659
2849
7753
1110
8101
8445
8836
2568
877
3667
1102
4694
163
9015
8701
1297
1079
7298
2350
4464
6701
3435
2212
8999
1508
9698
2959
8344
3190
2348
1781
8292
8378
9125
1905
1838
4528
1116
6817
3309
5251
4988
412
9275
6040
2123
5126
9164
2282
6900
7883
3636
4508
895
4905
9896
6887
6844
4225
458
1115
592
1643
6138
7450
2715
1903
2504
6090
7813
3030
9853
235
8524
8835
8903
9146
2494
5861
5348
9097
9293
6879
802
570
9593
6430
8238
8760
7849
746
9152
7382
9951
2009
5652
3465
6904
880
8814
506
1470
9141
3201
9390
3013
7845
8507
1345
6290
3849
3834
9453
8052
5423
2161
4336
1015
8170
3177
1476
5898
1567
5604
6807
9741
947
9166
2616
7607
8081
149
7938
29
1496
2613
4792
1485
3618
4771
2165
6827
628
5276
2379
9208
5184
7388
1541
845
4086
9375
8928
341
2779
2971
506
7436
3736
4999
4226
9791
4723
4811
5377
6548
82
2894
4281
7823
8725
6883
828
1944
8433
8381
6320
6333
315
6354
2251
9624
8732
4885
9177
9102
9820
9668
3692
8968
9620
2805
3153
6335
7178
9319
6267
7295
9629
596
1165
151
7458
2896
2373
5035
885
8349
7706
3437
458
92
5911
1329
1774
1576
6250
1256
2410
4404
8005
7653
2811
5164
5687
930
6161
2548
1622
1185
1006
6842
6382
9347
3699
3959
1842
8824
1347
1783
3962
9449
394
7662
9028
5111
2530
5087
6073
3315
8683
8325
8764
5418
5372
2267
3603
1283
1503
6388
5715
9838
9066
241
8592
231
4842
2451
6638
5050
7542
7082
1133
685
6353
5103
6717
4670
974
2362
3793
8889
517
4515
6844
8914
2259
4831
1359
580
3707
4309
6128
6609
4091
1654
5506
6208
7907
1108
2525
4221
2143
4815
5916
988
2530
2164
4974
7010
859
5132
8767
2949
3049
540
2733
3456
5931
4173
8044
5649
7878
3156
5277
8753
9369
6312
6130
9048
1169
164
7846
4643
7322
1314
857
9339
2184
8117
3958
3792
776
9300
6615
4602
8861
9318
9227
6018
7274
5824
609
2609
8852
3213
3031
4222
7186
8312
3560
4078
5753
6351
1525
4283
9931
8535
7498
8559
7525
6554
1782
8105
7125
976
6503
6330
5521
9760
3666
6315
4569
1941
2961
2094
7749
70
4451
6500
1446
3768
3274
5803
4894
2349
3444
5627
7831
5589
8801
3686
5181
1818
9436
476
9649
9207
5744
3119
471
2679
2936
8462
4286
4648
364
2434
5451
7496
8043
1592
5768
1744
1990
1021
1400
5873
7249
4704
6107
8120
1600
7448
1478
41
3305
6073
4207
6783
7441
6682
6333
557
9310
6758
7026
9272
669
3836
4360
4750
3995
3196
9333
1916
9857
481
7430
2787
6861
7015
8836
9662
138
9336
4190
448
6655
8657
4449
6943
1803
2960
1252
6248
3323
352
3420
8151
9656
7277
1440
4064
830
2296
5370
2702
6954
707
3339
1893
3991
1711
7919
6591
3852
2421
1768
2234
8527
316
8187
112
5857
7746
7945
6535
3536
5433
5684
6710
2734
6116
2887
8699
3849
2675
6597
8542
4352
1921
49
6778
4722
290
2137
3095
3075
9843
6027
7489
5070
6440
2248
145
8444
8635
2894
6591
4674
3107
5087
9984
4040
4462
5327
4420
2501
3210
4835
6227
1466
5836
9685
9139
7348
6679
25
5440
8836
1912
7621
7715
3265
2239
1175
4498
1900
1357
5443
9563
5824
4097
8640
5980
3201
5843
7895
4008
8630
2291
6133
2984
2181
1373
3534
5492
4310
8316
8997
7762
4183
9939
1427
2479
6519
3170
1208
2772
8613
1422
2063
7625
3294
7273
4546
7496
8707
2158
7191
8965
5711
4498
5937
4780
1995
3030
1123
7117
5606
1483
9232
9050
2119
9108
4946
1049
8723
4305
9322
4452
3355
7148
5509
5697
7731
2321
7072
5183
8170
4604
4776
471
8444
5953
217
350
5416
6544
2591
3155
3304
6277
8497
6974
9717
1293
1690
8552
4522
5637
4236
4782
7092
7837
9504
3834
2633
3858
9981
9439
621
1001
8694
5627
7490
471
5669
5110
231
2888
4613
447
4959
6625
8341
8905
9022
2310
8357
6919
5429
8934
4906
4174
1434
7989
3093
2265
7513
5374
4535
987
5615
7424
4558
1717
4738
4465
9020
7061
5935
7239
1208
6932
6279
4183
3206
6644
6768
7449
7282
3869
6418
6626
5188
7722
4813
2595
6826
2097
9498
3490
9980
4560
264
6488
5164
8214
4456
3395
9369
5966
5380
6643
7592
9028
8695
2552
9889
7654
7865
912
6826
7764
967
2371
9839
9489
9180
8194
998
6838
2892
5188
2136
8726
2716
3812
6763
6173
301
1465
2944
233
5079
300
649
9504
490
8059
4199
405
3816
938
5921
698
4088
4937
5823
8167
9681
6596
4721
247
7400
3110
2942
5774
7414
7031
1343
3746
2999
3329
1754
1023
6511
8059
4391
4528
1886
8425
4966
3837
6593
514
8337
1711
7337
9488
8194
5708
2048
4804
7150
1522
279
1906
3289
790
6794
6535
9341
2099
9660
1005
6298
5585
409
7215
314
8956
9987
4653
5324
2596
2090
2407
8338
9549
4315
2270
7763
1716
6520
6138
9656
9416
6646
4260
7788
2764
4708
9248
7495
1335
6966
9650
3494
367
4450
3055
120
6389
903
7855
4845
5019
5607
5818
195
1792
1232
6890
1286
6211
5858
1552
6087
6177
2906
520
3998
8457
8310
642
8206
4444
4358
9907
5691
3259
9638
2792
3621
9351
6598
568
1105
8162
7160
205
4313
2125
6341
3442
5941
6633
38
2746
7154
4991
2626
7352
895
4308
5923
57
8491
9848
5527
1465
2600
1570
4317
5660
2549
3701
1328
6074
6807
2866
2260
1062
1591
4944
2881
2987
9116
7034
8430
2814
3355
2396
8537
1125
3576
5222
5195
2696
2790
8107
6521
863
3578
1849
347
3910
667
1390
4590
719
6574
4783
9452
7914
9466
8382
6286
6961
7445
9862
5506
6352
7606
8216
3831
4215
4371
6958
5127
1597
3800
6815
3438
5640
7317
2641
5731
5544
7975
3061
2686
114
6663
6738
8593
6870
4733
2645
8445
8091
5304
2329
2003
6564
1728
5256
5193
1605
3224
4757
2590
2487
6965
4828
7435
706
9495
1432
8536
4791
7026
1210
9171
3263
408
2299
799
5821
275
1000
5361
9019
9967
2152
6422
2843
3536
3634
8288
6767
4196
7690
5268
7063
1126
6524
1735
5625
3269
3637
495
2672
1058
9915
8981
4344
8171
7433
1462
8731
4134
8347
9977
8226
4512
7577
9810
5058
7012
3852
4671
5555
4962
2825
5552
9820
918
555
9450
322
2201
9757
1439
4758
5638
5178
5846
6964
2475
3607
3385
2526
7183
5329
9485
6862
9272
1663
927
122
3390
9027
4737
9076
76
9052
4805
8310
9505
5739
8809
2254
9874
6567
9403
7615
3996
618
781
7343
3439
636
2539
4634
5339
3835
3201
7268
1963
6818
23
730
1000
933
2228
5281
4573
2371
4923
9559
9990
3265
2048
5345
6132
4008
510
1859
6762
7302
1479
8687
2499
9864
8078
2993
8649
8452
1090
4306
8476
2988
876
2938
9608
6574
3575
6730
3026
9283
2082
7554
2843
1032
2928
1614
8384
2531
8570
7404
2215
3881
3045
4657
9108
2213
3556
9776
3539
7877
4749
7147
8080
2060
9613
853
2219
7100
3276
7918
5888
8830
5410
5892
5680
8187
3300
6875
9145
8664
8885
6825
8450
181
4779
1173
8236
4875
4706
2071
1348
5186
2252
2724
3503
9082
7976
1636
4177
3373
3322
334
4146
3689
1180
9756
3087
3947
8498
4786
8778
8903
6117
5709
6800
7317
4997
3908
6270
714
1346
5530
9433
839
1524
1874
1046
562
8027
7523
8309
2015
1890
5560
2213
9184
1446
1379
9441
5598
6266
5308
295
4144
1759
5922
3179
725
4469
104
7284
7858
2399
6621
543
485
8740
9010
5744
2002
1933
9051
6606
4195
9591
3726
8054
9314
6434
1851
7939
914
1486
8381
4434
9655
9709
7027
91
8380
2544
8494
8262
6993
9917
5938
3099
3271
731
8281
7369
3367
4873
5189
869
8376
6872
4330
1981
2297
3061
1574
4950
9665
5014
4291
5604
2179
7866
2530
8305
5322
1480
4667
7883
2034
7202
1705
2432
7046
3017
4286
2123
3535
3768
2974
8575
2499
6500
8648
3776
9656
7336
125
1805
3579
2907
3168
4515
6992
3225
1914
8977
2389
79
3205
7968
9767
8577
1282
1947
1665
8871
3240
147
1702
1711
6025
9112
6114
5767
2388
5903
2968
1919
4809
9413
9617
3414
6637
575
8743
5513
5514
1704
6610
2995
7345
4261
6708
739
1653
783
4234
6735
6577
4471
8227
692
1952
196
9668
8277
4328
1957
5786
7463
9342
5544
1445
8437
718
3509
4751
692
9401
2012
7855
4490
3085
3046
1462
6625
7001
4539
8526
5967
5487
6393
1481
1540
3689
1129
1454
650
8947
3728
2270
1600
2465
1504
1533
7120
272
9940
7651
3166
1142
1590
3458
279
7108
7623
3792
1181
9692
8633
4184
3423
3543
6590
8229
2099
712
2045
2437
8436
119
4797
5958
274
8779
8969
1521
6759
7049
2460
9404
4337
7331
7721
5328
1872
6573
5650
7150
10000
2349
7600
380
7054
6990
7013
994
2796
5321
3869
2947
4025
1194
432
4121
1092
1690
8122
4582
623
5564
7852
387
2833
2104
5003
5122
8756
4301
5626
1011
940
4783
2498
7899
8517
3583
4716
9973
5362
852
7553
1691
1053
8172
6179
1439
8237
7415
2686
5809
8261
8878
7319
9311
1166
5461
1466
8901
3100
8622
1429
6618
6116
1776
8203
6182
3513
5842
1965
6056
9564
7025
8071
1732
5526
9219
6651
3077
457
2375
2
6936
1310
3544
1856
8999
6656
5469
6262
9335
5597
6436
268
9063
6413
7010
2166
7797
5499
7088
7326
503
6029
3054
5531
4076
6587
4055
1734
1816
4113
2245
8110
7836
5320
6393
4316
5306
9716
7805
3492
1948
8566
5698
6309
3678
5643
4655
761
3461
987
1553
85
192
4795
1244
4570
9144
1632
9628
6891
1430
8573
9276
9897
9900
3005
6101
9197
4454
2115
8275
7299
9687
258
8484
4917
5686
8672
7243
7969
5815
4281
3851
3215
6059
9891
6525
4130
3541
8817
3765
2837
1840
7914
7292
3889
9056
1662
5240
9938
4150
8948
6574
292
1509
7331
6421
8909
6605
2029
1544
3925
7469
7431
4455
2084
3775
7814
1226
7732
1728
967
3600
6394
4505
2609
1167
7313
6027
7556
7030
1628
127
2160
9345
3858
8027
5330
2649
2861
4350
8822
5973
8123
1000
5741
2954
4735
3050
303
2233
5546
7387
8732
5594
1857
7334
1883
4786
2025
3785
8984
9386
88
7127
8769
3067
4360
2080
1722
5745
8315
1587
1068
5777
9342
4427
9859
5094
9747
2071
5447
1353
8403
881
3995
1031
4949
8435
2412
2653
2690
1921
6443
6180
2947
9764
4940
777
4410
1
9466
2286
983
6338
2370
4345
9886
6599
32
3582
5688
1589
9311
6697
3257
242
2478
4085
9735
4023
357
9558
723
8741
7563
6545
9229
4197
5236
5175
3731
5031
8521
5139
4067
5187
6094
6476
6280
8172
712
9565
647
754
9916
8944
8891
7909
1045
4713
6765
9594
4299
4214
328
7076
7835
5986
3956
9545
87
3176
4763
8233
8237
459
3697
411
9251
7254
9826
6773
6167
3396
9637
7097
644
6514
5573
3894
8748
9864
5224
4376
6474
3354
6447
2115
4787
2097
6495
1114
3075
6633
7286
8796
6713
9043
111
7253
9162
5915
5102
4493
9341
8198
8247
4209
2254
4639
3131
5824
266
4673
8869
162
2800
2423
7584
3937
7938
3971
4165
2746
2065
9465
8703
6403
2713
2764
707
6206
3601
627
5438
5577
5275
2400
6660
5015
2634
1632
7170
7966
6745
6773
9543
3123
504
2599
2954
7887
4591
6554
4079
9798
5442
1542
675
7802
6100
8567
7691
2484
5710
361
9141
9137
2998
3473
7178
7441
745
2496
8136
6937
923
4386
2831
179
3861
5834
2040
3546
7982
8646
5762
2934
7648
6228
6812
8121
6475
8407
1406
637
2297
4954
3877
9723
9996
8175
7174
9957
3194
7989
656
7364
1451
8913
3437
4133
6975
6083
9319
4524
8658
3604
8579
3593
964
2902
1743
897
574
2898
7269
8133
6051
6140
9858
5057
6963
8978
1991
2746
859
4039
6196
8100
5195
8921
1026
2965
423
8417
9611
8122
8906
1015
4344
4322
2241
6977
741
4835
2626
2624
7179
217
5896
2001
178
9724
6343
273
5908
6641
6913
2819
2939
9539
8834
8290
8238
7533
7404
3985
1116
1667
4528
326
5986
5952
2561
2707
5428
6919
8717
6274
1587
3124
64
8543
2929
6766
2537
8265
1510
6592
6063
4016
4814
9835
6783
4710
8217
5345
8284
6717
8483
5432
3351
8858
9045
5630
2652
2256
9928
1219
704
8377
5999
2195
993
9156
3107
8005
1497
7871
7940
7887
3021
4437
7263
250
7898
2149
2486
3546
376
3018
364
2954
5402
7988
356
474
8444
6627
4538
2929
5313
9475
745
9144
7553
5942
7490
5251
1633
149
8934
880
3498
3573
32
8118
9339
9560
3626
5556
9413
7794
3891
876
7665
258
7559
1453
3993
7638
9268
8790
1520
7018
1648
7863
5888
9953
659
1831
7357
6851
4848
3981
7786
5556
5625
8598
3794
5671
1949
2273
4415
1537
4652
2830
8615
1702
9653
2567
1834
3571
3586
5560
8420
1097
1510
2915
2697
8401
3298
496
6243
9429
87
6001
8999
1297
1865
493
6315
506
5879
8262
5404
5365
6909
8169
5996
499
5087
8110
2972
3149
2688
5542
8637
8749
5543
1343
6248
4934
3081
7243
3243
9133
7439
1189
7786
8363
4662
5744
2834
5519
7016
3214
2182
4447
4842
2863
714
2871
9526
9589
6616
469
251
5744
1565
5468
3821
8523
8440
2754
7470
7894
7446
3892
9112
6254
819
1861
8790
3354
4774
3373
3908
2652
4301
8294
9545
1879
5771
4007
1442
3558
4413
168
5354
2290
7366
4732
9700
8830
1100
6174
2402
6776
4973
7153
1320
258
1877
8842
4312
1093
638
8160
2123
2106
3280
8347
286
2864
5392
7657
4575
6191
1243
5372
7606
7794
1670
9321
6454
2352
5939
9829
533
4198
3653
8001
5942
1595
528
5262
636
5825
7516
115
8767
7879
9847
2289
5346
1874
1626
3210
2893
2454
7361
7023
367
1769
7047
4573
5922
1999
8664
7052
8412
494
8060
6686
3368
9652
7575
8813
2795
7568
2779
8863
324
1559
3321
8712
5023
3427
6437
6055
5947
7120
2357
7599
3729
7726
8364
8074
6310
961
5130
4521
5682
7163
8584
4265
1031
8718
71
7753
6286
5674
4018
4389
4908
1250
2157
7302
1358
8450
5560
4472
9143
5
9917
4470
1511
6521
4353
3728
4672
7334
3908
2680
5068
3480
1325
5278
192
860
9029
4740
9763
9208
6682
443
6682
3728
3223
3326
5692
1504
1321
9230
8063
9938
5481
3766
9680
7224
1556
4450
2795
3644
7853
1174
3608
1262
9514
7675
4636
2118
4983
5605
3104
8034
5338
4260
4675
5733
7414
7358
2095
2933
6161
8976
1477
1544
1164
7905
2111
8864
2754
9812
1282
882
2972
1673
3430
3622
5461
937
9775
5137
8462
9169
7491
1094
5177
7615
8583
7871
4180
7827
4324
3259
8812
1213
9920
3161
4326
6395
1725
1582
7623
2046
6454
8194
6711
5660
9738
7907
6242
3004
3067
2577
8719
3757
9329
1087
696
6829
6856
6953
5656
4348
2615
3350
3543
3649
6116
5795
6396
3747
8686
2931
8211
9992
3318
1738
6856
5625
9198
5664
7987
3010
8470
1729
5911
3994
1820
9753
453
8179
7897
3256
4003
236
3150
1804
3689
3359
4421
115
1654
5367
7686
6048
6918
7011
7337
24
10000
6923
8308
7473
6943
9590
322
7540
6198
4812
1665
6102
8412
886
2030
1498
5406
1024
1264
4859
7195
9310
7080
6037
9138
7900
8260
3224
7018
6947
7401
2611
974
3025
3903
133
3277
4177
8126
2424
1118
5005
3846
3499
9547
7535
23
2506
7776
5018
9789
5710
2837
5297
6058
8093
1670
7907
898
5483
6553
7047
5312
8597
6854
3074
2388
2040
8983
2807
6438
3314
7551
4308
9193
6124
9888
5699
4610
8300
7800
1922
9709
3338
6679
4645
8629
6180
4148
4445
4693
8537
9505
274
3109
7126
4678
1716
8894
344
6845
4674
3131
2467
5313
2355
6567
9932
9476
7532
9664
20
4098
6570
660
4800
774
6326
9001
4420
6770
3662
6030
2876
9307
5933
460
4719
2795
2016
5969
8084
2922
9306
6327
7009
5701
6461
3041
5507
4907
1452
7758
544
8523
7445
186
6260
6969
9601
199
140
3460
4532
6365
1388
5094
7027
8945
7506
1026
919
5019
7378
1268
4114
2533
6615
6247
6645
8612
9656
6565
8858
7592
276
4399
1328
1751
9898
5090
4826
8089
731
5804
9453
2251
7183
2233
7080
9787
777
8078
8576
4881
5461
9770
9950
243
7187
2285
1802
2821
8984
2649
5091
905
8584
1412
693
169
7473
3801
975
9198
6549
6854
2569
4584
3351
8024
961
8978
7516
6911
5922
8602
9199
2963
8773
5462
3661
3669
5892
7755
8847
2510
253
6064
1961
8812
4582
6990
3117
2840
1910
5070
3241
5495
8458
4493
8421
4913
9788
2042
759
5958
5205
2920
86
7401
2343
5927
194
369
7191
7730
1526
8960
2316
3312
5599
8678
2568
2611
8838
7294
6164
4930
3214
7218
3644
9471
1168
4034
8764
5034
3088
8965
5181
3825
5696
5852
3301
5074
4896
729
1732
2039
6021
6121
1357
547
6553
5302
2137
6948
7920
6441
5311
9025
8824
9183
9586
3756
9893
6727
2922
7524
9652
5386
9715
7284
6461
1791
5005
3211
1867
1241
8865
3534
9661
3341
356
9112
2769
8713
9859
4107
8925
6669
3746
2066
1986
8820
2852
9692
9208
8446
9041
7666
6433
6302
5337
1873
2946
5697
7603
94
7721
8928
3527
9853
8319
6519
1127
6394
8012
2213
387
4525
6304
8803
3881
9438
9851
1782
4918
3610
5404
3889
1308
6591
8976
8793
1839
6596
2801
2270
7473
754
3739
633
8792
4439
5813
6088
3716
1043
2376
3547
5570
261
5703
3426
973
8253
5373
8386
810
1266
1301
2696
159